11Baltimore OriolesOrioles11| AL| 162| 5416| 677| 1273| 251| 19| 191| 643|
484| 1457| 121| 37| .235| .305| .394| .699
11Minnesota TwinsTwins11| AL| 162| 5432| 678| 1295| 249| 20| 191| 643| 495|
1372| 114| 34| .238| .310| .397| .707
11Toronto Blue JaysBlue Jays11| AL| 162| 5507| 798| 1461| 294| 13| 191|
771| 520| 1099| 77| 25| .265| .333| .427| .760
14Atlanta BravesBraves14| NL| 162| 5508| 724| 1349| 243| 19| 190| 701| 575|
1371| 82| 25| .245| .320| .399| .719
15Boston Red SoxRed Sox15| AL| 162| 5562| 786| 1414| 324| 24| 186| 748|
518| 1419| 139| 38| .254| .324| .421| .745
16Houston AstrosAstros16| AL| 162| 5490| 686| 1372| 247| 12| 182| 655| 471|
1301| 85| 28| .250| .315| .399| .714
16Tampa Bay RaysRays16| AL| 162| 5470| 714| 1374| 242| 16| 182| 680| 468|
1397| 194| 48| .251| .313| .401| .714
18Texas RangersRangers18| AL| 162| 5443| 684| 1275| 245| 15| 175| 658| 486|
1327| 134| 33| .234| .302| .381| .683
19San Francisco GiantsGiants19| NL| 162| 5375| 705| 1261| 239| 28| 173|