18Texas RangersRangers18| AL| 162| 5443| 684| 1275| 245| 15| 175| 658| 486|
1327| 134| 33| .234| .302| .381| .683
19San Francisco GiantsGiants19| NL| 162| 5375| 705| 1261| 239| 28| 173|
672| 556| 1380| 68| 24| .235| .311| .386| .697
20Cleveland GuardiansGuardians20| AL| 162| 5310| 643| 1199| 243| 18| 168|
621| 494| 1344| 129| 34| .226| .296| .373| .669
21Cincinnati RedsReds21| NL| 162| 5448| 716| 1333| 250| 23| 167| 677| 527|
1415| 105| 30| .245| .315| .391| .706
22Milwaukee BrewersBrewers22| NL| 162| 5510| 806| 1423| 265| 18| 166| 750|
564| 1266| 164| 53| .258| .332| .403| .735
23Chicago White SoxWhite Sox23| AL| 162| 5377| 647| 1250| 243| 10| 165|
626| 498| 1364| 85| 21| .232| .302| .373| .675
24Washington NationalsNationals24| NL| 162| 5422| 687| 1313| 258| 28| 161|
657| 443| 1351| 132| 48| .242| .304| .389| .693
25Colorado RockiesRockies25| NL| 162| 5408| 597| 1281| 253| 37| 160| 581|
395| 1531| 87| 39| .237| .293| .386| .679