4Los Angeles AngelsAngels4| AL| 162| 5374| 673| 1209| 212| 17| 226| 649|
484| 1627| 88| 27| .225| .298| .397| .695
5New York MetsMets5| NL| 162| 5457| 766| 1359| 262| 19| 224| 746| 563|
1325| 147| 18| .249| .326| .427| .753
6Chicago CubsCubs6| NL| 162| 5495| 793| 1371| 267| 29| 223| 771| 554| 1277|
161| 35| .249| .320| .430| .750
7AthleticsAthletics7| AL| 162| 5547| 733| 1403| 296| 16| 219| 709| 502|
1406| 80| 28| .253| .318| .431| .749
8Arizona DiamondbacksD-backs8| NL| 162| 5480| 791| 1377| 277| 38| 214| 768|
545| 1316| 121| 39| .251| .325| .433| .758
9Philadelphia PhilliesPhillies9| NL| 162| 5517| 778| 1426| 268| 24| 212|
753| 528| 1337| 124| 30| .258| .328| .431| .759
10Detroit TigersTigers10| AL| 162| 5456| 758| 1346| 244| 36| 198| 724| 511|
1454| 61| 16| .247| .316| .413| .729
11Baltimore OriolesOrioles11| AL| 162| 5416| 677| 1273| 251| 19| 191| 643|
484| 1457| 121| 37| .235| .305| .394| .699
11Minnesota TwinsTwins11| AL| 162| 5432| 678| 1295| 249| 20| 191| 643| 495|