173| 3| 2| .245| .318| .402| .720
3AndrewA McCutchenMcCutchenDH3| PIT| 135| 477| 51| 114| 22| 0| 13| 57| 67|
118| 1| 1| .239| .333| .367| .700
4SpencerS HorwitzHorwitz1B4| PIT| 108| 364| 55| 99| 26| 0| 11| 51| 44| 73|
0| 1| .272| .353| .434| .787
5TommyT PhamPhamLF5| PIT| 120| 392| 44| 96| 17| 1| 10| 52| 50| 94| 5| 3|
.245| .330| .370| .700
6HenryH DavisDavisC6| PIT| 87| 252| 25| 42| 7| 0| 7| 22| 18| 76| 2| 1|
.167| .234| .278| .512
6JaredJ TrioloTrioloSS6| PIT| 107| 331| 41| 75| 18| 2| 7| 24| 39| 76| 13|
2| .227| .311| .356| .667
8AlexanderA CanarioCanarioLF8| PIT| 87| 216| 25| 47| 6| 1| 6| 20| 17| 80|
3| 1| .218| .274| .338| .612
9NickN GonzalesGonzales2B9| PIT| 96| 381| 39| 99| 18| 3| 5| 30| 21| 73| 0|
2| .260| .299| .362| .661
10JoeyJ BartBartC10| PIT| 93| 285| 21| 71| 12| 1| 4| 30| 40| 93| 1| 1|
.249| .355| .340| .695
10LioverL PegueroPegueroSS10| PIT| 33| 80| 9| 16| 1| 0| 4| 8| 6| 25| 4| 0|
.200| .273| .363| .636