10JoeyJ BartBartC10| PIT| 93| 285| 21| 71| 12| 1| 4| 30| 40| 93| 1| 1|
.249| .355| .340| .695
10LioverL PegueroPegueroSS10| PIT| 33| 80| 9| 16| 1| 0| 4| 8| 6| 25| 4| 0|
.200| .273| .363| .636
12JackJ SuwinskiSuwinskiCF12| PIT| 59| 150| 15| 22| 7| 0| 3| 10| 24| 57| 7|
1| .147| .281| .253| .534
13MattM GorskiGorski1B13| PIT| 15| 41| 2| 8| 0| 1| 2| 4| 1| 16| 0| 1| .195|
.214| .390| .604
13EnmanuelE ValdezValdez1B13| PIT| 31| 91| 7| 19| 4| 2| 2| 12| 11| 16| 0|
0| .209| .294| .363| .657
15IsiahI Kiner-FalefaKiner-FalefaSS15| PIT| 119| 401| 40| 106| 20| 2| 1|
35| 17| 69| 15| 4| .264| .300| .332| .632
15NickN YorkeYorke2B15| PIT| 22| 69| 7| 16| 3| 0| 1| 8| 3| 15| 1| 0| .232|
.264| .319| .583
17Ji HwanJ BaeBaeX17| PIT| 13| 20| 4| 1| 0| 0| 0| 0| 5| 9| 4| 1| .050|
.240| .050| .290
17Tsung-CheT ChengChengSS17| PIT| 3| 7| 0| 0| 0| 0| 0| 0| 0| 3| 0| 1| .000|
.000| .000| .000
17BillyB CookCookRF17| PIT| 3| 6| 1| 2| 0| 0| 0| 0| 0| 1| 0| 0| .333| .333|
.333| .666